0 4
0 5
0 8
1 4
1 5
1 6
1 8
1 96
2 5
2 6
2 7
2 66
2 70
2 95
2 96
2 97
2 98
2 99
2 100
2 101
2 103
3 6
3 7
3 8
3 28
3 66
3 67
3 68
3 70
3 71
4 7
4 8
4 9
4 66
5 8
5 9
5 10
5 66
5 93
5 96
5 97
5 98
5 100
5 144
5 147
5 148
5 151
6 9
6 10
6 11
6 28
6 66
6 70
6 96
6 99
6 100
6 101
6 103
6 104
6 144
7 10
7 11
7 12
7 28
7 66
8 11
8 28
8 147
9 100
9 143
9 144
9 147
9 148
10 17
10 19
10 27
10 28
10 29
10 103
10 104
10 141
10 144
10 147
11 17
11 27
11 28
11 29
12 17
12 27
12 28
12 59
12 62
12 63
13 16
13 17
13 18
13 25
13 26
13 27
13 28
13 57
13 62
14 17
14 26
14 27
14 45
14 55
14 56
14 57
14 58
14 59
14 62
14 63
15 25
15 26
15 27
15 55
15 56
15 57
16 24
16 25
16 26
16 32
16 38
16 41
16 42
16 43
16 45
16 55
16 56
17 22
17 23
17 24
17 25
17 26
17 27
17 28
17 29
17 30
18 21
18 22
18 23
18 24
18 25
19 22
19 23
19 24
19 25
19 31
20 23
20 136
20 140
20 141
21 136
22 33
22 34
22 35
22 36
23 31
23 32
23 33
23 34
23 35
24 30
24 31
24 32
24 33
24 34
24 35
24 36
24 37
24 38
24 39
24 41
25 28
25 29
25 30
25 31
25 32
25 33
25 41
26 29
26 30
26 31
26 32
26 45
26 55
26 56
26 57
26 62
26 65
27 30
27 57
27 62
27 63
27 65
27 66
28 59
28 62
28 63
28 66
28 69
28 103
29 66
29 69
29 103
30 33
30 44
30 45
30 48
30 62
30 65
30 66
30 68
30 69
30 103
31 34
31 69
31 104
32 35
32 40
32 41
32 42
32 44
32 45
32 48
32 65
33 36
33 37
33 38
33 39
33 40
33 41
33 42
33 44
34 37
35 38
35 40
35 41
36 40
37 40
37 41
37 42
38 41
38 42
38 43
39 42
39 43
39 44
40 43
40 44
40 45
41 44
41 45
41 46
42 45
42 46
42 47
42 52
42 53
42 54
42 55
43 46
43 47
43 48
43 53
44 47
44 48
44 49
45 48
45 49
45 50
45 51
45 53
45 54
45 55
45 56
45 57
45 65
46 49
46 50
46 51
46 52
46 53
46 54
46 55
47 50
47 51
48 51
48 65
49 52
49 53
49 56
49 57
49 61
49 62
49 65
50 53
51 54
51 56
51 57
51 58
51 61
52 55
52 56
53 56
53 57
53 61
56 61
57 60
57 61
57 62
57 63
57 65
58 61
58 62
58 63
59 62
59 63
59 64
60 63
60 64
60 65
60 67
61 64
61 65
61 66
62 65
62 66
62 67
63 66
63 67
63 68
64 67
64 68
64 69
65 68
65 69
65 70
65 103
66 69
66 70
66 71
66 103
67 70
67 71
67 72
67 103
68 71
68 72
68 73
68 75
69 72
69 73
69 74
69 103
70 73
70 74
70 75
70 99
70 103
71 74
71 75
71 76
72 75
72 76
72 77
72 102
72 107
73 76
73 77
73 78
73 99
73 100
73 102
73 103
73 107
74 77
74 78
74 79
74 87
74 99
74 102
75 78
75 79
75 80
75 107
76 79
76 80
76 81
76 83
76 84
76 102
76 107
77 80
77 81
77 82
77 83
77 84
77 85
77 86
77 87
77 95
77 98
77 99
77 100
77 102
77 107
78 81
78 83
78 84
78 87
78 88
79 82
79 84
80 83
80 84
80 85
80 107
80 108
80 110
80 111
81 84
81 85
81 86
82 85
82 86
82 87
82 111
82 114
82 117
82 121
83 86
83 87
83 88
83 102
83 106
83 107
83 108
83 110
83 111
83 117
84 87
84 88
84 89
85 88
85 89
85 90
85 120
85 121
86 89
86 90
86 91
86 95
86 98
86 116
86 117
86 118
86 120
86 121
86 152
87 90
87 91
87 95
87 96
87 98
87 99
87 121
88 91
88 95
89 95
89 120
89 121
89 122
89 123
89 125
90 94
90 95
90 98
90 119
90 120
90 121
90 123
90 125
90 152
91 94
91 95
91 96
91 123
91 125
91 152
92 95
92 96
92 97
93 96
93 97
93 98
93 151
93 152
93 154
94 97
94 98
94 99
94 120
94 125
94 151
94 152
94 153
94 154
95 98
95 99
95 100
95 152
96 99
96 100
96 101
96 151
97 100
97 101
97 102
97 147
97 148
97 149
97 151
97 152
98 101
98 102
98 103
98 110
98 120
98 148
98 152
99 102
99 103
99 104
99 152
100 103
100 104
100 105
100 137
100 144
100 148
101 104
101 105
101 106
101 109
101 110
101 113
101 120
101 132
101 135
101 137
101 144
101 148
101 152
102 105
102 106
102 107
102 110
103 106
103 110
103 144
104 110
104 137
104 140
104 141
104 144
104 145
104 148
105 108
105 109
105 110
105 113
105 137
105 141
105 144
106 109
106 110
106 111
107 110
107 111
107 112
108 111
108 112
108 113
109 112
109 113
110 113
110 114
110 117
111 114
111 117
112 115
112 117
113 116
113 117
113 118
113 131
113 132
113 134
113 135
113 136
113 137
114 117
114 118
114 119
115 118
115 119
115 120
115 127
115 128
115 131
116 119
116 120
116 121
116 127
116 128
116 130
116 131
116 132
116 133
117 120
117 121
117 122
118 121
118 122
118 123
118 124
119 122
119 123
119 124
119 125
119 127
119 128
119 129
119 131
120 123
120 124
120 125
120 128
120 129
120 132
120 152
121 124
121 125
122 125
123 126
124 127
124 128
124 129
125 128
125 129
125 130
125 132
125 149
125 152
125 153
125 154
126 129
126 130
126 131
126 153
127 130
127 131
127 132
127 153
128 131
128 132
128 133
128 149
128 152
129 132
129 133
129 134
129 138
129 149
129 152
129 153
130 133
130 134
130 135
130 149
130 153
131 134
131 135
132 135
132 136
132 137
132 138
132 145
132 148
132 149
132 152
133 136
133 137
133 138
133 139
133 149
134 138
134 139
134 149
135 138
135 139
135 140
135 145
136 139
136 140
136 141
137 140
137 141
137 142
137 144
137 145
137 146
137 148
137 149
137 152
138 141
138 142
138 143
138 145
138 146
138 149
139 142
139 145
141 144
141 145
141 146
142 145
142 146
142 147
143 146
143 147
143 148
144 147
144 148
144 149
145 148
145 149
145 150
146 149
146 150
146 151
147 150
147 151
147 152
148 151
148 152
148 153
149 152
149 153
149 154
150 153
150 154
151 154
